4
5,0.021,0.029,0.04,0.084,0.474,0.305,0.048
6,0.069,0.059,0.053,0.047,0.043,0.232,0.497
7,0.047,0.022,0.031,0.065,0.367,0.394,0.074
8,0.033,0.023,0.033,0.067,0.402,0.377,0.064
9,0.071,0.0,0.051,0.067,0.095,0.328,0.389
10,0.0,0.0,0.057,0.073,0.104,0.336,0.43
11,0.0,0.0,0.113,0.073,0.1,0.31,0.405
12,0.0,0.0,0.119,0.075,0.105,0.301,0.4
13,0.0,0.0,0.117,0.073,0.101,0.332,0.377
14,0.0,0.0,0.111,0.069,0.283,0.199,0.338
15,0.0,0.0,0.046,0.071,0.557,0.213,0.112
16,0.055,0.035,0.047,0.071,0.547,0.168,0.077
17,0.05,0.032,0.043,0.192,0.473,0.141,0.069
18,0.052,0.033,0.044,0.193,0.471,0.135,0.071
19,0.0,0.035,0.046,0.2,0.482,0.161,0.076
20,0.0,0.039,0.052,0.217,0.531,0.117,0.044
21,0.0,0.029,0.039,0.162,0.652,0.085,0.033
22,0.005,0.007,0.016,0.9,0.05,0.019,0.004
23,0.009,0.013,0.028,0.827,0.086,0.031,0.006
24,0.004,0.02,0.014,0.899,0.043,0.016,0.004
25,0.003,0.012,0.009,0.943,0.024,0.007,0.002
26,0.006,0.022,0.01,0.073,0.862,0.018,0.009
27,0.0,0.017,0.036,0.083,0.843,0.021,0.0
28,0.0,0.017,0.035,0.077,0.85,0.021,0.0
29,0.0,0.019,0.039,0.082,0.835,0.025,0.0
30,0.0,0.021,0.044,0.087,0.82,0.028,0.0
31,0.0,0.002,0.004,0.009,0.982,0.003,0.0
32,0.002,0.004,0.005,0.009,0.975,0.004,0.001
33,0.002,0.004,0.005,0.009,0.975,0.004,0.001
34,0.003,0.005,0.004,0.005,0.943,0.033,0.006
35,0.003,0.005,0.004,0.005,0.943,0.033,0.006
36,0.006,0.028,0.022,0.019,0.916,0.008,0.002
37,0.003,0.022,0.015,0.014,0.94,0.006,0.0
39,0.003,0.02,0.014,0.012,0.945,0.006,0.0
40,0.003,0.018,0.013,0.009,0.952,0.005,0.0
41,0.001,0.005,0.012,0.032,0.948,0.003,0.0
42,0.002,0.013,0.024,0.013,0.944,0.004,0.0
43,0.006,0.02,0.021,0.01,0.939,0.004,0.0
44,0.006,0.018,0.02,0.008,0.944,0.004,0.0
45,0.006,0.016,0.018,0.006,0.951,0.002,0.0
46,0.006,0.015,0.016,0.006,0.955,0.002,0.0
47,0.005,0.014,0.015,0.003,0.962,0.002,0.0
48,0.005,0.012,0.013,0.003,0.966,0.002,0.0
49,0.005,0.011,0.011,0.003,0.969,0.002,0.0
50,0.003,0.005,0.058,0.003,0.93,0.001,0.0
51,0.002,0.006,0.047,0.003,0.941,0.001,0.0
52,0.001,0.002,0.471,0.002,0.524,0.001,0.0
54,0.002,0.003,0.496,0.003,0.496,0.001,0.001
55,0.002,0.003,0.496,0.003,0.496,0.001,0.001
56,0.002,0.003,0.496,0.003,0.496,0.001,0.001
57,0.002,0.003,0.496,0.003,0.496,0.001,0.001
58,0.002,0.003,0.496,0.003,0.496,0.001,0.001
59,0.002,0.003,0.496,0.003,0.496,0.001,0.001
60,0.002,0.003,0.496,0.003,0.496,0.001,0.001
61,0.002,0.003,0.496,0.003,0.496,0.001,0.001
62,0.002,0.003,0.496,0.003,0.496,0.001,0.001
63,0.002,0.003,0.496,0.003,0.496,0.001,0.001
64,0.002,0.003,0.496,0.003,0.496,0.001,0.001
65,0.002,0.003,0.496,0.003,0.496,0.001,0.001
67,0.002,0.003,0.496,0.003,0.496,0.001,0.001
68,0.002,0.003,0.496,0.003,0.496,0.001,0.001
69,0.002,0.003,0.496,0.003,0.496,0.001,0.001
70,0.002,0.003,0.496,0.003,0.496,0.001,0.001
71,0.002,0.003,0.496,0.003,0.496,0.001,0.001
72,0.002,0.003,0.496,0.003,0.496,0.001,0.001
73,0.002,0.003,0.496,0.003,0.496,0.001,0.001
74,0.002,0.003,0.496,0.003,0.496,0.001,0.001
75,0.002,0.003,0.496,0.003,0.496,0.001,0.001
76,0.283,0.308,0.082,0.062,0.124,0.098,0.043
77,0.283,0.308,0.082,0.062,0.124,0.098,0.043
78,0.002,0.003,0.496,0.003,0.496,0.001,0.001
79,0.002,0.003,0.496,0.003,0.496,0.001,0.001
80,0.002,0.003,0.496,0.003,0.496,0.001,0.001
81,0.023,0.025,0.007,0.005,0.928,0.008,0.004
82,0.023,0.025,0.007,0.005,0.928,0.008,0.004
83,0.004,0.006,0.002,0.006,0.884,0.088,0.009
84,0.004,0.006,0.002,0.006,0.885,0.089,0.009
85,0.004,0.005,0.002,0.005,0.907,0.068,0.009
86,0.004,0.006,0.002,0.005,0.907,0.068,0.008
87,0.003,0.003,0.002,0.005,0.87,0.109,0.008
88,0.005,0.003,0.002,0.003,0.87,0.109,0.008
89,0.005,0.003,0.002,0.003,0.89,0.089,0.007
90,0.005,0.003,0.002,0.003,0.891,0.089,0.007
91,0.006,0.003,0.002,0.003,0.891,0.089,0.007
92,0.004,0.003,0.001,0.003,0.907,0.076,0.007
93,0.004,0.003,0.001,0.003,0.918,0.066,0.007
94,0.002,0.003,0.001,0.003,0.927,0.058,0.007
95,0.002,0.003,0.001,0.003,0.934,0.052,0.006
96,0.002,0.002,0.001,0.002,0.912,0.075,0.006
97,0.001,0.001,0.001,0.001,0.664,0.299,0.033
98,0.002,0.001,0.001,0.002,0.621,0.31,0.062
99,0.002,0.001,0.001,0.002,0.621,0.31,0.062
100,0.002,0.001,0.001,0.002,0.621,0.31,0.062
101,0.002,0.001,0.001,0.002,0.621,0.31,0.062
102,0.002,0.001,0.001,0.002,0.621,0.31,0.062
103,0.002,0.001,0.001,0.002,0.621,0.31,0.062
104,0.002,0.001,0.001,0.002,0.621,0.31,0.062
105,0.002,0.001,0.001,0.002,0.621,0.31,0.062
106,0.002,0.001,0.001,0.002,0.621,0.31,0.062
107,0.002,0.001,0.001,0.002,0.621,0.31,0.062
108,0.002,0.001,0.001,0.002,0.621,0.31,0.062
109,0.002,0.001,0.001,0.002,0.621,0.31,0.062
110,0.002,0.001,0.001,0.002,0.621,0.31,0.062
111,0.002,0.001,0.001,0.002,0.621,0.31,0.062
112,0.002,0.001,0.001,0.002,0.621,0.31,0.062
115,0.002,0.001,0.001,0.002,0.621,0.31,0.062
116,0.002,0.001,0.001,0.002,0.621,0.31,0.062
117,0.002,0.001,0.001,0.002,0.621,0.31,0.062
118,0.002,0.001,0.001,0.002,0.621,0.31,0.062
119,0.002,0.001,0.001,0.002,0.621,0.31,0.062
120,0.002,0.001,0.001,0.002,0.621,0.31,0.062
121,0.105,0.072,0.057,0.046,0.308,0.345,0.067
122,0.105,0.072,0.057,0.046,0.308,0.345,0.067
123,0.002,0.002,0.002,0.002,0.114,0.798,0.08
124,0.002,0.002,0.002,0.002,0.114,0.798,0.08
125,0.002,0.002,0.002,0.002,0.114,0.798,0.08
126,0.005,0.004,0.003,0.002,0.015,0.968,0.003
127,0.005,0.004,0.003,0.002,0.015,0.968,0.003
128,0.055,0.014,0.005,0.004,0.004,0.918,0.0
129,0.075,0.013,0.004,0.004,0.004,0.9,0.0
130,0.075,0.012,0.004,0.002,0.004,0.903,0.0
131,0.065,0.011,0.004,0.002,0.004,0.914,0.0
132,0.065,0.01,0.004,0.002,0.002,0.917,0.0
133,0.058,0.009,0.004,0.002,0.002,0.926,0.0
134,0.052,0.008,0.003,0.002,0.002,0.933,0.0
135,0.047,0.008,0.003,0.002,0.002,0.939,0.0
136,0.013,0.004,0.001,0.001,0.003,0.977,0.0
137,0.011,0.003,0.001,0.001,0.003,0.981,0.0
138,0.009,0.003,0.001,0.001,0.003,0.983,0.0
139,0.47,0.003,0.001,0.001,0.001,0.523,0.0
140,0.494,0.004,0.003,0.002,0.002,0.494,0.001
141,0.494,0.004,0.003,0.002,0.002,0.494,0.001
142,0.494,0.004,0.003,0.002,0.002,0.494,0.001
143,0.494,0.004,0.003,0.002,0.002,0.494,0.001
144,0.494,0.004,0.003,0.002,0.002,0.494,0.001
145,0.494,0.004,0.003,0.002,0.002,0.494,0.001
146,0.494,0.004,0.003,0.002,0.002,0.494,0.001
147,0.494,0.004,0.003,0.002,0.002,0.494,0.001
148,0.494,0.004,0.003,0.002,0.002,0.494,0.001
150,0.494,0.004,0.003,0.002,0.002,0.494,0.001
151,0.494,0.004,0.003,0.002,0.002,0.494,0.001
152,0.494,0.004,0.003,0.002,0.002,0.494,0.001
